        0.0000000000	        0.0000000000	        1.0000000000	        4.7755428415	       30.0066119946	        0.0008589256	        0.0000000000	        0.0000000000	        0.0000000000	        0.0000000000	        0.0054971772	        0.0000000000	        0.0000000000	        0.0000171710
        0.0006386460	        0.0057719757	        0.9978820678	        4.5359367597	       29.9528487209	        0.0008330678	        0.0000000000	        0.0000000007	        0.0000000022	        0.0000050448	        0.0053702195	        0.0000000002	        0.0000000263	        0.0000147347
        0.0013591019	        0.0122792220	        0.9955664410	        4.2822799895	       29.8923171278	        0.0008052630	        0.0000000004	        0.0000000049	        0.0000000155	        0.0000166508	        0.0052334902	        0.0000000018	        0.0000001099	        0.0000134076
        0.0021717769	        0.0196140053	        0.9930429324	        4.0162225519	       29.8242770737	        0.0007755665	        0.0000000020	        0.0000000176	        0.0000000537	        0.0000370848	        0.0050872206	        0.0000000085	        0.0000002668	        0.0000126442
        0.0030883849	        0.0278797462	        0.9903024688	        3.7400773393	       29.7479668753	        0.0007440930	        0.0000000068	        0.0000000468	        0.0000001371	        0.0000692215	        0.0049319689	        0.0000000285	        0.0000005183	        0.0000122824
        0.0041221033	        0.0371921954	        0.9873374213	        3.4568148003	       29.6626367308	        0.0007110247	        0.0000000189	        0.0000001044	        0.0000002931	        0.0001166834	        0.0047687106	        0.0000000780	        0.0000008927	        0.0000122539
        0.0052877492	        0.0476806256	        0.9841419424	        3.1699409444	       29.5676031152	        0.0006766150	        0.0000000463	        0.0000002075	        0.0000005558	        0.0001840063	        0.0045989430	        0.0000001875	        0.0000014270	        0.0000125250
        0.0066019743	        0.0594889508	        0.9807123092	        2.8831736016	       29.4623342662	        0.0006411833	        0.0000001033	        0.0000003801	        0.0000009668	        0.0002768337	        0.0044248087	        0.0000004098	        0.0000021686	        0.0000130764
        0.0080834821	        0.0727766118	        0.9770472597	        2.5997860101	       29.3465814375	        0.0006050926	        0.0000002145	        0.0000006549	        0.0000015757	        0.0004021391	        0.0042492352	        0.0000008337	        0.0000031779	        0.0000138948
        0.0097532660	        0.0877189462	        0.9731482836	        2.3214192116	       29.2205771503	        0.0005687004	        0.0000004211	        0.0000010775	        0.0000024412	        0.0005684671	        0.0040760906	        0.0000016015	        0.0000045303	        0.0000149684
        0.0116348733	        0.1045065962	        0.9690197039	        2.0466543138	       29.0852040489	        0.0005322889	        0.0000007883	        0.0000017109	        0.0000036344	        0.0007861751	        0.0039103462	        0.0000029341	        0.0000063185	        0.0000162848
        0.0137546927	        0.1233432888	        0.9646681241	        1.7772262892	       28.9403932478	        0.0004962999	        0.0000014161	        0.0000026442	        0.0000052437	        0.0010676259	        0.0037582234	        0.0000051626	        0.0000086540	        0.0000178297
        0.0161422702	        0.1444411239	        0.9601016666	        1.5196476581	       28.7844327621	        0.0004613519	        0.0000024499	        0.0000040029	        0.0000073811	        0.0014272409	        0.0036272823	        0.0000087662	        0.0000116675	        0.0000195864
        0.0188306506	        0.1680124783	        0.9553297757	        1.2793939792	       28.6167600008	        0.0004280077	        0.0000040895	        0.0000059657	        0.0000101897	        0.0018812637	        0.0035263710	        0.0000144141	        0.0000155071	        0.0000215369
        0.0218567475	        0.1942580598	        0.9503633411	        1.0585004109	       28.4394716787	        0.0003966626	        0.0000065906	        0.0000087831	        0.0000138459	        0.0024470193	        0.0034653143	        0.0000230042	        0.0000203308	        0.0000236677
        0.0252617393	        0.2233517953	        0.9452144958	        0.8564608312	       28.2532162307	        0.0003677760	        0.0000102526	        0.0000127924	        0.0000185506	        0.0031414466	        0.0034541902	        0.0000356912	        0.0000262939	        0.0000259880
        0.0290914903	        0.2554249908	        0.9398953955	        0.6712027805	       28.0575192341	        0.0003418651	        0.0000153916	        0.0000184150	        0.0000244994	        0.0039787976	        0.0035020748	        0.0000538924	        0.0000335313	        0.0000285501
        0.0333969940	        0.2905535388	        0.9344151131	        0.5038929164	       27.8536312108	        0.0003194716	        0.0000223054	        0.0000261387	        0.0000318543	        0.0049677010	        0.0036152702	        0.0000792637	        0.0000421440	        0.0000314167
        0.0382348325	        0.3287513169	        0.9287768941	        0.3567757837	       27.6411087445	        0.0003010788	        0.0000312491	        0.0000365189	        0.0000407568	        0.0061081766	        0.0037952669	        0.0001136447	        0.0000522014	        0.0000346013
        0.0436676462	        0.3699699184	        0.9229770474	        0.2315378054	       27.4192222917	        0.0002869905	        0.0000424363	        0.0000502190	        0.0000513732	        0.0073894149	        0.0040369503	        0.0001589772	        0.0000637525	        0.0000380966
        0.0497646022	        0.4138149320	        0.9170068809	        0.1262803238	       27.1904791891	        0.0002773932	        0.0000600771	        0.0000681318	        0.0000639797	        0.0087817374	        0.0043279635	        0.0002168585	        0.0000768398	        0.0000418959
        0.0566018496	        0.4593884881	        0.9108560409	        0.0387587579	       26.9525868812	        0.0002724793	        0.0000869145	        0.0000915711	        0.0000790330	        0.0102146708	        0.0046309340	        0.0002878683	        0.0000914970	        0.0000459808
        0.0642629411	        0.5058276529	        0.9045188181	       -0.0320803491	       26.7075860416	        0.0002723325	        0.0001209439	        0.0001224941	        0.0000971599	        0.0115927848	        0.0048917496	        0.0003718559	        0.0001077020	        0.0000502957
        0.0728392004	        0.5524751966	        0.8980020970	       -0.0873974366	       26.4569704303	        0.0002769419	        0.0001631336	        0.0001635023	        0.0001189512	        0.0128308823	        0.0050675729	        0.0004681906	        0.0001253029	        0.0000547253
        0.0824300053	        0.5987323267	        0.8913270020	       -0.1296161273	       26.1978215802	        0.0002862245	        0.0002145073	        0.0002174083	        0.0001446356	        0.0138595698	        0.0051311275	        0.0005754798	        0.0001439800	        0.0000590919
        0.0931429507	        0.6440920760	        0.8845193582	       -0.1633336329	       25.9333496414	        0.0003000926	        0.0002760901	        0.0002867106	        0.0001740630	        0.0146335896	        0.0050734374	        0.0006916545	        0.0001633199	        0.0000631998
        0.1050938490	        0.6881570061	        0.8775919653	       -0.1868229094	       25.6633606431	        0.0003186973	        0.0003488438	        0.0003732687	        0.0002068496	        0.0151339204	        0.0049021202	        0.0008141172	        0.0001829447	        0.0000668878
        0.1184065179	        0.7306415438	        0.8705429526	       -0.1971532078	       25.3856633619	        0.0003413053	        0.0004335925	        0.0004781616	        0.0002423403	        0.0153646113	        0.0046365462	        0.0009399152	        0.0002025727	        0.0000700490
        0.1332122955	        0.7713621385	        0.8633638566	       -0.2016834428	       25.1024324903	        0.0003673823	        0.0005309471	        0.0006014996	        0.0002798661	        0.0153465974	        0.0043019460	        0.0010659105	        0.0002220625	        0.0000726411
        0.1496492201	        0.8102195536	        0.8560282053	       -0.1983560309	       24.8116378509	        0.0003964662	        0.0006412423	        0.0007424295	        0.0003188747	        0.0151108114	        0.0039242429	        0.0011889314	        0.0002414047	        0.0000746746
        0.1678608015	        0.8471775509	        0.8485031369	       -0.1881079589	       24.5125765473	        0.0004274372	        0.0007644943	        0.0008990808	        0.0003586284	        0.0146922194	        0.0035265358	        0.0013059073	        0.0002606279	        0.0000761780
        0.1879943127	        0.8822411585	        0.8407527331	       -0.1730283479	       24.2076772502	        0.0004595542	        0.0009004026	        0.0010681781	        0.0003982167	        0.0141255344	        0.0031273386	        0.0014139965	        0.0002797720	        0.0000771866
        0.2101985296	        0.9154362996	        0.8327381171	       -0.1563342759	       23.8927669622	        0.0004916742	        0.0010484219	        0.0012455253	        0.0004369565	        0.0134426952	        0.0027401995	        0.0015107199	        0.0002989673	        0.0000777538
        0.2346208557	        0.9467914813	        0.8244122006	       -0.1379632324	       23.5679448589	        0.0005232249	        0.0012079393	        0.0014255473	        0.0004741351	        0.0126718427	        0.0023741861	        0.0015941137	        0.0003183533	        0.0000779291
        0.2614037844	        0.9763216545	        0.8157227111	       -0.1181907404	       23.2307551022	        0.0005531174	        0.0013785881	        0.0016019555	        0.0005089684	        0.0118374188	        0.0020347848	        0.0016629095	        0.0003380574	        0.0000777505
        0.2906806794	        1.0040142181	        0.8066145349	       -0.0988563713	       22.8827275994	        0.0005808106	        0.0015607411	        0.0017678711	        0.0005406647	        0.0109610352	        0.0017249030	        0.0017167421	        0.0003581785	        0.0000772425
        0.3225708876	        1.0298175541	        0.7970273804	       -0.0808154543	       22.5215203176	        0.0006057514	        0.0017562097	        0.0019172185	        0.0005687634	        0.0100628200	        0.0014457934	        0.0017563665	        0.0003788287	        0.0000764229
        0.3571742551	        1.0536337578	        0.7868972394	       -0.0635276840	       22.1467979541	        0.0006270943	        0.0019691198	        0.0020451240	        0.0005927512	        0.0091629519	        0.0011978020	        0.0017838342	        0.0004000050	        0.0000752872
        0.3945651751	        1.0753192164	        0.7761665999	       -0.0474796494	       21.7551675897	        0.0006448066	        0.0022068113	        0.0021497377	        0.0006122989	        0.0082829854	        0.0009808780	        0.0018025337	        0.0004215963	        0.0000738188
        0.4347863703	        1.0946984791	        0.7647937478	       -0.0356050149	       21.3463843723	        0.0006588691	        0.0024803884	        0.0022321881	        0.0006276275	        0.0074463802	        0.0007947932	        0.0018169516	        0.0004433748	        0.0000720056
        0.4778426900	        1.1115961407	        0.7527498539	       -0.0257578991	       20.9208740010	        0.0006701842	        0.0028042198	        0.0022977515	        0.0006394122	        0.0066775474	        0.0006390539	        0.0018320259	        0.0004649975	        0.0000698569
        0.5236952751	        1.1258849764	        0.7400466306	       -0.0179112746	       20.4770930884	        0.0006787629	        0.0031933718	        0.0023550731	        0.0006483215	        0.0059990709	        0.0005125782	        0.0018521184	        0.0004859939	        0.0000674198
        0.5722565058	        1.1375353913	        0.7267485413	       -0.0142483585	       20.0133346433	        0.0006851133	        0.0036583077	        0.0024136828	        0.0006556339	        0.0054278160	        0.0004133623	        0.0018799368	        0.0005061276	        0.0000648344
        0.6233861842	        1.1466410178	        0.7129522228	       -0.0139816300	       19.5312703898	        0.0006909368	        0.0041974651	        0.0024809948	        0.0006628468	        0.0049718363	        0.0003384216	        0.0019159603	        0.0005257510	        0.0000623548
        0.6768894010	        1.1534029657	        0.6987739812	       -0.0201320490	       19.0293440328	        0.0006986593	        0.0047903255	        0.0025619619	        0.0006722915	        0.0046299723	        0.0002841316	        0.0019587222	        0.0005463043	        0.0000603529
        0.7325164896	        1.1580793588	        0.6842908453	       -0.0289756652	       18.5121533619	        0.0007102767	        0.0053952305	        0.0026555874	        0.0006857841	        0.0043943800	        0.0002468120	        0.0020057425	        0.0005696489	        0.0000592100
        0.7899653716	        1.1609257350	        0.6695448662	       -0.0380187997	       17.9824636083	        0.0007273496	        0.0059550200	        0.0027582900	        0.0007039987	        0.0042544354	        0.0002232629	        0.0020545308	        0.0005976734	        0.0000592592
        0.8488864424	        1.1621494807	        0.6545581329	       -0.0500442711	       17.4433980136	        0.0007504406	        0.0064102203	        0.0028651201	        0.0007276118	        0.0042001615	        0.0002110744	        0.0021032297	        0.0006323934	        0.0000608059
        0.9088899606	        1.1618866604	        0.6393088988	       -0.0647033887	       16.8992226291	        0.0007812707	        0.0067151819	        0.0029722446	        0.0007578897	        0.0042242455	        0.0002087079	        0.0021508347	        0.0006759616	        0.0000641510
        0.9695556872	        1.1601983506	        0.6237520679	       -0.0807741125	       16.3538201467	        0.0008201239	        0.0068500485	        0.0030794446	        0.0007965896	        0.0043226395	        0.0002154386	        0.0021971418	        0.0007301435	        0.0000695676
        1.0304443128	        1.1570804740	        0.6078268809	       -0.0966460654	       15.8132819265	        0.0008681333	        0.0068236805	        0.0031780118	        0.0008425521	        0.0044941140	        0.0002312338	        0.0022425750	        0.0007950249	        0.0000772112
        1.0911100394	        1.1524825884	        0.5914863294	       -0.1080395633	       15.2841987906	        0.0009246145	        0.0066671329	        0.0032711285	        0.0008945966	        0.0047391236	        0.0002566049	        0.0022879528	        0.0008690167	        0.0000871125
        1.1511135576	        1.1463324223	        0.5747865460	       -0.1153958488	       14.7719159303	        0.0009853764	        0.0064215850	        0.0033706426	        0.0009517829	        0.0050582931	        0.0002924413	        0.0023341914	        0.0009489834	        0.0000991515
        1.2100346284	        1.1385624445	        0.5578667599	       -0.1207393660	       14.2769355832	        0.0010484961	        0.0061267181	        0.0034758245	        0.0010114694	        0.0054508684	        0.0003398325	        0.0023819377	        0.0010311696	        0.0001130953
        1.2674835104	        1.1291334489	        0.5408867144	       -0.1235564369	       13.8004783208	        0.0011099501	        0.0058131611	        0.0035840558	        0.0010721637	        0.0059135391	        0.0003998968	        0.0024311837	        0.0011125238	        0.0001287025
        1.3231105990	        1.1180496032	        0.5240076772	       -0.1231897982	       13.3459363857	        0.0011706289	        0.0054998006	        0.0036888535	        0.0011317974	        0.0064399994	        0.0004736568	        0.0024809790	        0.0011904830	        0.0001457136
        1.3766138158	        1.1053614380	        0.5073755567	       -0.1195232097	       12.9135161350	        0.0012301036	        0.0051950030	        0.0037821466	        0.0011883996	        0.0070213691	        0.0005619935	        0.0025293562	        0.0012633449	        0.0001639060
        1.4277434942	        1.0911575111	        0.4911073581	       -0.1123038112	       12.5036280268	        0.0012843874	        0.0048998105	        0.0038542043	        0.0012398803	        0.0076472527	        0.0006656888	        0.0025735100	        0.0013302065	        0.0001831175
        1.4763047249	        1.0755491599	        0.4752874940	       -0.1026470267	       12.1144202643	        0.0013317071	        0.0046114024	        0.0038967764	        0.0012849930	        0.0083069946	        0.0007855291	        0.0026101636	        0.0013910872	        0.0002032846
        1.5221573100	        1.0586538547	        0.4599611987	       -0.0895733262	       11.7467921504	        0.0013697496	        0.0043258738	        0.0039010891	        0.0013223034	        0.0089907106	        0.0009224261	        0.0026359973	        0.0014462978	        0.0002243945
        1.5652136297	        1.0405812489	        0.4451441120	       -0.0719088139	       11.3985720928	        0.0014001031	        0.0040399708	        0.0038623323	        0.0013508386	        0.0096898759	        0.0010775174	        0.0026480254	        0.0014965826	        0.0002465070
        1.6054348249	        1.0214236227	        0.4308332962	       -0.0522624341	       11.0686289576	        0.0014212535	        0.0037519157	        0.0037773951	        0.0013698490	        0.0103974571	        0.0012522232	        0.0026438603	        0.0015428144	        0.0002697246
        1.6428257449	        1.0012506804	        0.4170015793	       -0.0305114645	       10.7572105589	        0.0014335131	        0.0034616143	        0.0036465091	        0.0013794660	        0.0111076931	        0.0014482542	        0.0026218517	        0.0015860075	        0.0002941977
        1.6774291124	        0.9801077266	        0.4036055664	       -0.0043967220	       10.4607110350	        0.0014386517	        0.0031704392	        0.0034726734	        0.0013796331	        0.0118156612	        0.0016675714	        0.0025811240	        0.0016269922	        0.0003200747
        1.7093193206	        0.9580159692	        0.3905965301	        0.0232924024	       10.1779344841	        0.0014360919	        0.0028808235	        0.0032611964	        0.0013705005	        0.0125167373	        0.0019122987	        0.0025215417	        0.0016663753	        0.0003474905
        1.7385962156	        0.9349740418	        0.3779159296	        0.0548791920	        9.9078735119	        0.0014256078	        0.0025958335	        0.0030193296	        0.0013524939	        0.0132060135	        0.0021845826	        0.0024436318	        0.0017045085	        0.0003765546
        1.7653791443	        0.9109601618	        0.3655038291	        0.0913328400	        9.6501920149	        0.0014077715	        0.0023187516	        0.0027553782	        0.0013257032	        0.0138777002	        0.0024863880	        0.0023484852	        0.0017413907	        0.0004073227
        1.7898014704	        0.8859345588	        0.3533016626	        0.1322245413	        9.4014350949	        0.0013828524	        0.0020527438	        0.0024781484	        0.0012903018	        0.0145245234	        0.0028192104	        0.0022376519	        0.0017767702	        0.0004398058
        1.8120056873	        0.8598421432	        0.3412519975	        0.1757678543	        9.1595226051	        0.0013522979	        0.0018006194	        0.0021963338	        0.0012467742	        0.0151371154	        0.0031836798	        0.0021130388	        0.0018102352	        0.0004739801
        1.8321391985	        0.8326155498	        0.3292963057	        0.2190558602	        8.9247655713	        0.0013172442	        0.0015646765	        0.0019178821	        0.0011959386	        0.0157034082	        0.0035790333	        0.0019768171	        0.0018412140	        0.0005097792
        1.8503507799	        0.8041788213	        0.3173719242	        0.2617087544	        8.6901953478	        0.0012788262	        0.0013466223	        0.0016496981	        0.0011386991	        0.0162080649	        0.0040024396	        0.0018313413	        0.0018689000	        0.0005470646
        1.8667877045	        0.7744520569	        0.3054138220	        0.2968546041	        8.4603221420	        0.0012386990	        0.0011475480	        0.0013973522	        0.0010761007	        0.0166320190	        0.0044481864	        0.0016790811	        0.0018921527	        0.0005855800
        1.8815934821	        0.7433574508	        0.2933481345	        0.3242785007	        8.2290555266	        0.0011982370	        0.0009679564	        0.0011650682	        0.0010091878	        0.0169522477	        0.0049067868	        0.0015225668	        0.0019093304	        0.0006248727
        1.8949061510	        0.7108271551	        0.2810964310	        0.3401127355	        7.9967401940	        0.0011590976	        0.0008078128	        0.0009556470	        0.0009386181	        0.0171419739	        0.0053641452	        0.0013643441	        0.0019180526	        0.0006641691
        1.9068570493	        0.6768132660	        0.2685765555	        0.3358434608	        7.7643436350	        0.0011232346	        0.0006666209	        0.0007706401	        0.0008650067	        0.0171715610	        0.0058010389	        0.0012069376	        0.0019151014	        0.0007022636
        1.9175699947	        0.6413001239	        0.2557022058	        0.3126578392	        7.5308466727	        0.0010925059	        0.0005435105	        0.0006106400	        0.0007887382	        0.0170104075	        0.0061932999	        0.0010528154	        0.0018963821	        0.0007373923
        1.9271607996	        0.6043186255	        0.2423991510	        0.2671692508	        7.2957103817	        0.0010677488	        0.0004373258	        0.0004753796	        0.0007099526	        0.0166301179	        0.0065131838	        0.0009043505	        0.0018571447	        0.0007671715
        1.9357370589	        0.5659616175	        0.2286222281	        0.1936212649	        7.0593424134	        0.0010499843	        0.0003467164	        0.0003639040	        0.0006292697	        0.0160090388	        0.0067323697	        0.0007637712	        0.0017928486	        0.0007887909
        1.9433981504	        0.5263988823	        0.2143761540	        0.0887408374	        6.8281910115	        0.0010403809	        0.0002702267	        0.0002746884	        0.0005483562	        0.0151378692	        0.0068267457	        0.0006330958	        0.0017006153	        0.0007995293
        1.9502353978	        0.4858895662	        0.1997375622	       -0.0480692472	        6.5988646134	        0.0010390922	        0.0002063784	        0.0002055635	        0.0004700521	        0.0140254658	        0.0067825232	        0.0005140510	        0.0015808114	        0.0007975229
        1.9563323538	        0.4447895658	        0.1848609377	       -0.2173859095	        6.3737703187	        0.0010463246	        0.0001537457	        0.0001536217	        0.0003977127	        0.0127033205	        0.0066024012	        0.0004079791	        0.0014378546	        0.0007824499
        1.9617651675	        0.4035513749	        0.1699506527	       -0.4088056884	        6.1617253790	        0.0010612218	        0.0001110171	        0.0001152943	        0.0003335248	        0.0112267638	        0.0063098021	        0.0003157481	        0.0012793059	        0.0007556052
        1.9666030060	        0.3627137167	        0.1552133105	       -0.6214061834	        5.9602742230	        0.0010831568	        0.0000770342	        0.0000867922	        0.0002772098	        0.0096711297	        0.0059491525	        0.0002376849	        0.0011136771	        0.0007192918
        1.9709085097	        0.3228774407	        0.1408106699	       -0.8509463549	        5.7676211359	        0.0011114532	        0.0000507954	        0.0000648960	        0.0002267168	        0.0081222163	        0.0055811466	        0.0001735472	        0.0009486415	        0.0006761500
        1.9747382607	        0.2848789632	        0.1268550019	       -1.0882289405	        5.5881257898	        0.0011445452	        0.0000350066	        0.0000476166	        0.0001805770	        0.0066720572	        0.0052770409	        0.0001228615	        0.0007905541	        0.0006289455
        1.9781432525	        0.2494844374	        0.1134354006	       -1.3301702081	        5.4225447376	        0.0011811909	        0.0000246391	        0.0000340282	        0.0001390475	        0.0053775870	        0.0050730203	        0.0000844364	        0.0006445685	        0.0005806210
        1.9811693494	        0.2169295586	        0.1006351725	       -1.5739118210	        5.2701918316	        0.0012205437	        0.0000166434	        0.0000236460	        0.0001032893	        0.0042565565	        0.0049765633	        0.0000562664	        0.0005144884	        0.0005342276
        1.9838577298	        0.1872170369	        0.0885304261	       -1.8151662600	        5.1317937568	        0.0012613092	        0.0000107580	        0.0000160053	        0.0000741271	        0.0033094031	        0.0049856607	        0.0000362649	        0.0004024288	        0.0004925324
        1.9862453073	        0.1602906621	        0.0771801866	       -2.0490541209	        5.0091074829	        0.0013018219	        0.0000066418	        0.0000105743	        0.0000515219	        0.0025269888	        0.0050908642	        0.0000225435	        0.0003087545	        0.0004569934
        1.9883651267	        0.1360365961	        0.0666194517	       -2.2754794955	        4.9000314519	        0.0013416851	        0.0000039103	        0.0000068168	        0.0000347011	        0.0018935651	        0.0052781296	        0.0000134687	        0.0002324065	        0.0004280545
        1.9902467340	        0.1142941989	        0.0568581979	       -2.4961324861	        4.8013229754	        0.0013810429	        0.0000021897	        0.0000042690	        0.0000225723	        0.0013900060	        0.0055315115	        0.0000076971	        0.0001714501	        0.0004063832
        1.9919165179	        0.0948725227	        0.0478853903	       -2.7131941313	        4.7119736755	        0.0014196382	        0.0000011609	        0.0000025762	        0.0000140805	        0.0009964866	        0.0058351754	        0.0000041792	        0.0001236135	        0.0003928322
        1.9933980257	        0.0775670543	        0.0396746661	       -2.9292828189	        4.6322352384	        0.0014570093	        0.0000005781	        0.0000014814	        0.0000083367	        0.0006942487	        0.0061746026	        0.0000021350	        0.0000866577	        0.0003882265
        1.9947122508	        0.0621730727	        0.0321894178	       -3.1443778331	        4.5618153309	        0.0014927803	        0.0000002668	        0.0000007999	        0.0000046195	        0.0004665154	        0.0065371404	        0.0000010113	        0.0000585709	        0.0003934094
        1.9958778967	        0.0484945253	        0.0253868775	       -3.3569962098	        4.5000572885	        0.0015266788	        0.0000001117	        0.0000003972	        0.0000023475	        0.0002988059	        0.0069121336	        0.0000004344	        0.0000376405	        0.0004094519
        1.9969116151	        0.0363489721	        0.0192211273	       -3.5651190163	        4.4461420638	        0.0015585255	        0.0000000409	        0.0000001756	        0.0000010594	        0.0001789037	        0.0072908348	        0.0000001631	        0.0000224591	        0.0004380119
        1.9978282231	        0.0255697110	        0.0136452378	       -3.7667172503	        4.3992077050	        0.0015882216	        0.0000000123	        0.0000000651	        0.0000004005	        0.0000966597	        0.0076662223	        0.0000000502	        0.0000118960	        0.0004820079
        1.9986408981	        0.0160061412	        0.0086127481	       -3.9600248895	        4.3584167757	        0.0016157336	        0.0000000027	        0.0000000179	        0.0000001118	        0.0000437358	        0.0080327911	        0.0000000111	        0.0000050599	        0.0005471759
        1.9993613540	        0.0075231460	        0.0040786486	       -4.1436567562	        4.3229915123	        0.0016410795	        0.0000000003	        0.0000000025	        0.0000000158	        0.0000133431	        0.0083863479	        0.0000000012	        0.0000012627	        0.0006468320
        2.0000000000	        0.0000000000	        0.0000000000	       -4.3166349555	        4.2922294299	        0.0016643168	        0.0000000000	        0.0000000000	        0.0000000000	        0.0000000000	        0.0087238206	        0.0000000000	        0.0000000000	        0.0008255689
